0 0.2503782148260212 0.20818014705882354 0.015632879475542108 0.024816176470588234
0 0.2740796772566818 0.8249080882352942 0.020675743822491176 0.024816176470588234
1 0.5088250126071608 0.5932904411764706 0.02118003025718608 0.024816176470588234
0 0.6845688350983359 0.9122242647058824 0.01664145234493192 0.021139705882352942
0 0.6727181038830056 0.9370404411764706 0.02118003025718608 0.017463235294117647
0 0.6742309631870903 0.9558823529411765 0.018154311649016642 0.016544117647058824
0 0.49420070600100857 0.9503676470588235 0.011094301563287948 0.01838235294117647
1 0.710791729702471 0.890625 0.01664145234493192 0.03125
1 0.13161875945537066 0.9411764705882353 0.022188603126575897 0.02022058823529412
1 0.9505799293998991 0.5441176470588235 0.018154311649016642 0.03125
