0 0.3005547150781644 0.2536764705882353 0.015128593040847202 0.025735294117647058
0 0.31442259203227435 0.8474264705882353 0.020675743822491176 0.025735294117647058
1 0.5365607665153808 0.6309742647058824 0.02118003025718608 0.024816176470588234
0 0.6845688350983359 0.9122242647058824 0.01664145234493192 0.021139705882352942
0 0.6727181038830056 0.9370404411764706 0.02118003025718608 0.017463235294117647
0 0.6742309631870903 0.9558823529411765 0.018154311649016642 0.016544117647058824
0 0.5481593545133636 0.9692095588235294 0.011094301563287948 0.019301470588235295
1 0.8595562279374684 0.9839154411764706 0.01664145234493192 0.02665441176470588
1 0.2773575390821987 0.9701286764705882 0.022188603126575897 0.021139705882352942
1 0.9505799293998991 0.5441176470588235 0.018154311649016642 0.03125
