0 0.30181543116490167 0.2536764705882353 0.015632879475542108 0.025735294117647058
0 0.3156833081190116 0.8497242647058824 0.02118003025718608 0.024816176470588234
1 0.5408472012102874 0.6374080882352942 0.020675743822491176 0.024816176470588234
0 0.6845688350983359 0.9122242647058824 0.01664145234493192 0.021139705882352942
0 0.6727181038830056 0.9370404411764706 0.02118003025718608 0.017463235294117647
0 0.6742309631870903 0.9558823529411765 0.018154311649016642 0.016544117647058824
0 0.5496722138174484 0.9692095588235294 0.011094301563287948 0.019301470588235295
1 0.8580433686333837 0.9820772058823529 0.01664145234493192 0.02665441176470588
1 0.28189611699445283 0.9724264705882353 0.022188603126575897 0.02022058823529412
1 0.9505799293998991 0.5441176470588235 0.018154311649016642 0.03125
