0 0.30736258194654564 0.25965073529411764 0.015632879475542108 0.024816176470588234
0 0.3184568835098336 0.8515625 0.020675743822491176 0.024816176470588234
1 0.5532022188603126 0.6557904411764706 0.02118003025718608 0.024816176470588234
0 0.6845688350983359 0.9122242647058824 0.01664145234493192 0.021139705882352942
0 0.6727181038830056 0.9370404411764706 0.02118003025718608 0.017463235294117647
0 0.6742309631870903 0.9558823529411765 0.018154311649016642 0.016544117647058824
0 0.5552193645990923 0.9715073529411765 0.011094301563287948 0.01838235294117647
1 0.8565305093292991 0.9820772058823529 0.01664145234493192 0.02665441176470588
1 0.29551185073121533 0.9747242647058824 0.022188603126575897 0.021139705882352942
1 0.9505799293998991 0.5441176470588235 0.018154311649016642 0.03125
