0 0.3086232980332829 0.2624080882352941 0.015128593040847202 0.024816176470588234
0 0.32123045890065555 0.8515625 0.02118003025718608 0.024816176470588234
1 0.5587493696419567 0.6622242647058824 0.02118003025718608 0.024816176470588234
0 0.6845688350983359 0.9122242647058824 0.01664145234493192 0.021139705882352942
0 0.6727181038830056 0.9370404411764706 0.02118003025718608 0.017463235294117647
0 0.6742309631870903 0.9558823529411765 0.018154311649016642 0.016544117647058824
0 0.556732223903177 0.9715073529411765 0.011094301563287948 0.01838235294117647
1 0.8555219364599093 0.9820772058823529 0.01664145234493192 0.02665441176470588
1 0.3010590015128593 0.9765625 0.022188603126575897 0.021139705882352942
1 0.9505799293998991 0.5441176470588235 0.018154311649016642 0.03125
