0 0.3129097327281896 0.26424632352941174 0.015632879475542108 0.024816176470588234
0 0.3227433182047403 0.8534007352941176 0.02118003025718608 0.024816176470588234
1 0.5670700958144226 0.6723345588235294 0.020675743822491176 0.024816176470588234
0 0.6845688350983359 0.9122242647058824 0.01664145234493192 0.021139705882352942
0 0.6727181038830056 0.9370404411764706 0.02118003025718608 0.017463235294117647
0 0.6742309631870903 0.9558823529411765 0.018154311649016642 0.016544117647058824
0 0.5592536560766516 0.9733455882352942 0.011094301563287948 0.01838235294117647
1 0.8540090771558245 0.9820772058823529 0.01664145234493192 0.02665441176470588
1 0.3106404437720625 0.9788602941176471 0.022188603126575897 0.02022058823529412
1 0.9505799293998991 0.5441176470588235 0.018154311649016642 0.03125
