0 0.3156833081190116 0.26608455882352944 0.015128593040847202 0.024816176470588234
0 0.3255168935955623 0.8561580882352942 0.020675743822491176 0.024816176470588234
1 0.5753908219868885 0.6852022058823529 0.02118003025718608 0.024816176470588234
0 0.6845688350983359 0.9122242647058824 0.01664145234493192 0.021139705882352942
0 0.6727181038830056 0.9370404411764706 0.02118003025718608 0.017463235294117647
0 0.6742309631870903 0.9558823529411765 0.018154311649016642 0.016544117647058824
0 0.5637922339889057 0.9733455882352942 0.011094301563287948 0.01838235294117647
1 0.8524962178517398 0.9797794117647058 0.01664145234493192 0.027573529411764705
1 0.31921331316187596 0.9788602941176471 0.022188603126575897 0.02022058823529412
1 0.9505799293998991 0.5441176470588235 0.018154311649016642 0.03125
