0 0.3171961674230963 0.26838235294117646 0.015128593040847202 0.025735294117647058
0 0.3267776096822995 0.8561580882352942 0.02118003025718608 0.024816176470588234
1 0.5781643973777105 0.6870404411764706 0.020675743822491176 0.024816176470588234
0 0.6845688350983359 0.9122242647058824 0.01664145234493192 0.021139705882352942
0 0.6727181038830056 0.9370404411764706 0.02118003025718608 0.017463235294117647
0 0.6742309631870903 0.9558823529411765 0.018154311649016642 0.016544117647058824
0 0.5648008068582955 0.9733455882352942 0.011094301563287948 0.01838235294117647
1 0.8524962178517398 0.9797794117647058 0.01664145234493192 0.027573529411764705
1 0.3219868885526979 0.9788602941176471 0.0226928895612708 0.02022058823529412
1 0.9505799293998991 0.5441176470588235 0.018154311649016642 0.03125
