0 0.3184568835098336 0.26838235294117646 0.015632879475542108 0.025735294117647058
0 0.3267776096822995 0.8561580882352942 0.02118003025718608 0.024816176470588234
1 0.5824508320726173 0.6934742647058824 0.02118003025718608 0.024816176470588234
0 0.6845688350983359 0.9122242647058824 0.01664145234493192 0.021139705882352942
0 0.6727181038830056 0.9370404411764706 0.02118003025718608 0.017463235294117647
0 0.6742309631870903 0.9558823529411765 0.018154311649016642 0.016544117647058824
0 0.5663136661623802 0.9756433823529411 0.011094301563287948 0.019301470588235295
1 0.8524962178517398 0.9797794117647058 0.01664145234493192 0.027573529411764705
1 0.32627332324760466 0.9806985294117647 0.022188603126575897 0.02022058823529412
1 0.9505799293998991 0.5441176470588235 0.018154311649016642 0.03125
