0 0.3227433182047403 0.2725183823529412 0.015128593040847202 0.024816176470588234
0 0.32955118507312153 0.8579963235294118 0.020675743822491176 0.024816176470588234
1 0.5920322743318205 0.7058823529411765 0.02118003025718608 0.025735294117647058
0 0.6845688350983359 0.9122242647058824 0.01664145234493192 0.021139705882352942
0 0.6727181038830056 0.9370404411764706 0.02118003025718608 0.017463235294117647
0 0.6742309631870903 0.9558823529411765 0.018154311649016642 0.016544117647058824
0 0.5693393847705497 0.9756433823529411 0.011094301563287948 0.019301470588235295
1 0.850983358547655 0.9797794117647058 0.01664145234493192 0.027573529411764705
1 0.3358547655068079 0.9806985294117647 0.022188603126575897 0.02022058823529412
1 0.9505799293998991 0.5441176470588235 0.018154311649016642 0.03125
