0 0.3255168935955623 0.2743566176470588 0.015632879475542108 0.024816176470588234
0 0.33232476046394355 0.8579963235294118 0.02118003025718608 0.024816176470588234
1 0.5978315683308119 0.7141544117647058 0.020675743822491176 0.025735294117647058
0 0.6845688350983359 0.9122242647058824 0.01664145234493192 0.021139705882352942
0 0.6727181038830056 0.9370404411764706 0.02118003025718608 0.017463235294117647
0 0.6742309631870903 0.9558823529411765 0.018154311649016642 0.016544117647058824
0 0.5718608169440242 0.9756433823529411 0.011094301563287948 0.019301470588235295
1 0.8499747856782652 0.9797794117647058 0.01664145234493192 0.027573529411764705
1 0.34140191628845185 0.9829963235294118 0.022188603126575897 0.021139705882352942
1 0.9505799293998991 0.5441176470588235 0.018154311649016642 0.03125
