0 0.32829046898638425 0.2766544117647059 0.015128593040847202 0.025735294117647058
0 0.3338376197680282 0.8598345588235294 0.02118003025718608 0.024816176470588234
1 0.6046394351991932 0.7224264705882353 0.02118003025718608 0.025735294117647058
0 0.6845688350983359 0.9122242647058824 0.01664145234493192 0.021139705882352942
0 0.6727181038830056 0.9370404411764706 0.02118003025718608 0.017463235294117647
0 0.6742309631870903 0.9558823529411765 0.018154311649016642 0.016544117647058824
0 0.5748865355521936 0.9779411764705882 0.011094301563287948 0.01838235294117647
1 0.8484619263741805 0.9788602941176471 0.01664145234493192 0.029411764705882353
1 0.34846192637418055 0.9829963235294118 0.022188603126575897 0.021139705882352942
1 0.9505799293998991 0.5441176470588235 0.018154311649016642 0.03125
