0 0.33232476046394355 0.28079044117647056 0.015128593040847202 0.024816176470588234
0 0.3378719112455875 0.8621323529411765 0.02118003025718608 0.025735294117647058
1 0.6185073121533031 0.7371323529411765 0.020675743822491176 0.025735294117647058
0 0.6845688350983359 0.9122242647058824 0.01664145234493192 0.021139705882352942
0 0.6727181038830056 0.9370404411764706 0.02118003025718608 0.017463235294117647
0 0.6742309631870903 0.9558823529411765 0.018154311649016642 0.016544117647058824
0 0.5789208270297529 0.9797794117647058 0.011094301563287948 0.01838235294117647
1 0.8469490670700958 0.9774816176470589 0.01664145234493192 0.02665441176470588
1 0.3595562279374685 0.9848345588235294 0.022188603126575897 0.021139705882352942
1 0.9505799293998991 0.5441176470588235 0.018154311649016642 0.03125
