0 0.3393847705496722 0.28722426470588236 0.015128593040847202 0.024816176470588234
0 0.3421583459404942 0.8644301470588235 0.020675743822491176 0.024816176470588234
1 0.6366616238023197 0.7578125 0.020675743822491176 0.024816176470588234
0 0.6845688350983359 0.9122242647058824 0.01664145234493192 0.021139705882352942
0 0.6727181038830056 0.9370404411764706 0.02118003025718608 0.017463235294117647
0 0.6742309631870903 0.9558823529411765 0.018154311649016642 0.016544117647058824
0 0.5859808371154815 0.9816176470588235 0.011094301563287948 0.01838235294117647
1 0.8444276348966213 0.9774816176470589 0.01664145234493192 0.02665441176470588
1 0.3555219364599092 0.9829963235294118 0.022188603126575897 0.021139705882352942
1 0.9505799293998991 0.5441176470588235 0.018154311649016642 0.03125
