0 0.3421583459404942 0.29090073529411764 0.015632879475542108 0.024816176470588234
0 0.34493192133131617 0.8662683823529411 0.02118003025718608 0.024816176470588234
1 0.6477559253656077 0.7706801470588235 0.020675743822491176 0.024816176470588234
0 0.6845688350983359 0.9122242647058824 0.01664145234493192 0.021139705882352942
0 0.6727181038830056 0.9370404411764706 0.02118003025718608 0.017463235294117647
0 0.6742309631870903 0.9558823529411765 0.018154311649016642 0.016544117647058824
0 0.5900151285930408 0.9816176470588235 0.011094301563287948 0.01838235294117647
1 0.8429147755925366 0.9765625 0.01664145234493192 0.02849264705882353
1 0.35098335854765506 0.9829963235294118 0.022188603126575897 0.021139705882352942
1 0.9505799293998991 0.5441176470588235 0.018154311649016642 0.03125
