0 0.34493192133131617 0.2936580882352941 0.015128593040847202 0.024816176470588234
0 0.34619263741805345 0.8662683823529411 0.020675743822491176 0.024816176470588234
1 0.6545637922339889 0.7789522058823529 0.02118003025718608 0.024816176470588234
0 0.6845688350983359 0.9122242647058824 0.01664145234493192 0.021139705882352942
0 0.6727181038830056 0.9370404411764706 0.02118003025718608 0.017463235294117647
0 0.6742309631870903 0.9558823529411765 0.018154311649016642 0.016544117647058824
0 0.5930408472012103 0.9816176470588235 0.011094301563287948 0.01838235294117647
1 0.8429147755925366 0.9765625 0.01664145234493192 0.02849264705882353
1 0.34997478567826523 0.9829963235294118 0.022188603126575897 0.021139705882352942
1 0.9435199193141705 0.5340073529411765 0.018154311649016642 0.03125
