0 0.3464447806354009 0.29549632352941174 0.015128593040847202 0.024816176470588234
0 0.3477054967221382 0.8681066176470589 0.020675743822491176 0.024816176470588234
1 0.6588502269288956 0.7849264705882353 0.020675743822491176 0.025735294117647058
0 0.6845688350983359 0.9122242647058824 0.01664145234493192 0.021139705882352942
0 0.6727181038830056 0.9370404411764706 0.02118003025718608 0.017463235294117647
0 0.6742309631870903 0.9558823529411765 0.018154311649016642 0.016544117647058824
0 0.5940494200706001 0.9816176470588235 0.011094301563287948 0.01838235294117647
1 0.8414019162884518 0.9756433823529411 0.01664145234493192 0.02665441176470588
1 0.34846192637418055 0.9806985294117647 0.022188603126575897 0.02022058823529412
1 0.9407463439233484 0.5294117647058824 0.017650025214321734 0.03125
