0 0.3464447806354009 0.29733455882352944 0.015128593040847202 0.024816176470588234
0 0.3492183560262229 0.8681066176470589 0.020675743822491176 0.024816176470588234
1 0.6616238023197176 0.7872242647058824 0.02118003025718608 0.024816176470588234
0 0.6845688350983359 0.9122242647058824 0.01664145234493192 0.021139705882352942
0 0.6727181038830056 0.9370404411764706 0.02118003025718608 0.017463235294117647
0 0.6742309631870903 0.9558823529411765 0.018154311649016642 0.016544117647058824
0 0.5955622793746849 0.9816176470588235 0.011094301563287948 0.01838235294117647
1 0.8414019162884518 0.9756433823529411 0.01664145234493192 0.02665441176470588
1 0.3469490670700958 0.9806985294117647 0.022188603126575897 0.02022058823529412
1 0.9394856278366112 0.5275735294117647 0.018154311649016642 0.03125
