0 0.3477054967221382 0.29963235294117646 0.015632879475542108 0.025735294117647058
0 0.35047907211296014 0.8681066176470589 0.02118003025718608 0.024816176470588234
1 0.6671709531013615 0.7936580882352942 0.02118003025718608 0.024816176470588234
0 0.6845688350983359 0.9122242647058824 0.01664145234493192 0.021139705882352942
0 0.6727181038830056 0.9370404411764706 0.02118003025718608 0.017463235294117647
0 0.6742309631870903 0.9558823529411765 0.018154311649016642 0.016544117647058824
0 0.5970751386787695 0.9825367647058824 0.011094301563287948 0.016544117647058824
1 0.8398890569843671 0.9756433823529411 0.01664145234493192 0.02665441176470588
1 0.3454362077660111 0.9806985294117647 0.022188603126575897 0.02022058823529412
1 0.9339384770549672 0.5193014705882353 0.018154311649016642 0.03125
