0 0.34896621280887546 0.29963235294117646 0.015128593040847202 0.025735294117647058
0 0.35047907211296014 0.8681066176470589 0.02118003025718608 0.024816176470588234
1 0.6699445284921836 0.7973345588235294 0.020675743822491176 0.024816176470588234
0 0.6845688350983359 0.9122242647058824 0.01664145234493192 0.021139705882352942
0 0.6727181038830056 0.9370404411764706 0.02118003025718608 0.017463235294117647
0 0.6742309631870903 0.9558823529411765 0.018154311649016642 0.016544117647058824
0 0.5985879979828542 0.9825367647058824 0.011094301563287948 0.016544117647058824
1 0.8398890569843671 0.9756433823529411 0.01664145234493192 0.02665441176470588
1 0.34442763489662126 0.9806985294117647 0.022188603126575897 0.02022058823529412
1 0.9324256177508825 0.5174632352941176 0.018154311649016642 0.03125
