0 0.34896621280887546 0.30193014705882354 0.015128593040847202 0.024816176470588234
0 0.3517397881996974 0.8704044117647058 0.020675743822491176 0.025735294117647058
1 0.6727181038830056 0.7996323529411765 0.02118003025718608 0.025735294117647058
0 0.6845688350983359 0.9122242647058824 0.01664145234493192 0.021139705882352942
0 0.6727181038830056 0.9370404411764706 0.02118003025718608 0.017463235294117647
0 0.6742309631870903 0.9558823529411765 0.018154311649016642 0.016544117647058824
0 0.599596570852244 0.9839154411764706 0.011094301563287948 0.019301470588235295
1 0.8398890569843671 0.9756433823529411 0.01664145234493192 0.02665441176470588
1 0.34442763489662126 0.9806985294117647 0.022188603126575897 0.02022058823529412
1 0.9296520423600605 0.5128676470588235 0.017650025214321734 0.03125
