0 0.35047907211296014 0.3037683823529412 0.015128593040847202 0.024816176470588234
0 0.35325264750378216 0.8704044117647058 0.020675743822491176 0.025735294117647058
1 0.6770045385779122 0.8056066176470589 0.020675743822491176 0.024816176470588234
0 0.6845688350983359 0.9122242647058824 0.01664145234493192 0.021139705882352942
0 0.6727181038830056 0.9370404411764706 0.02118003025718608 0.017463235294117647
0 0.6742309631870903 0.9558823529411765 0.018154311649016642 0.016544117647058824
0 0.6011094301563288 0.9839154411764706 0.011094301563287948 0.019301470588235295
1 0.8386283408976298 0.9756433823529411 0.01714573877962683 0.02665441176470588
1 0.3429147755925366 0.9806985294117647 0.022188603126575897 0.02022058823529412
1 0.9268784669692385 0.5091911764705882 0.018154311649016642 0.03125
