0 0.35451336359051944 0.3079044117647059 0.015128593040847202 0.025735294117647058
0 0.3560262228946041 0.8727022058823529 0.02118003025718608 0.024816176470588234
1 0.6880988401412002 0.8138786764705882 0.020675743822491176 0.024816176470588234
0 0.6845688350983359 0.9122242647058824 0.01664145234493192 0.021139705882352942
0 0.6727181038830056 0.9370404411764706 0.02118003025718608 0.017463235294117647
0 0.6742309631870903 0.9558823529411765 0.018154311649016642 0.016544117647058824
0 0.6051437216338881 0.9852941176470589 0.011094301563287948 0.016544117647058824
1 0.8373676248108926 0.9742647058823529 0.01664145234493192 0.029411764705882353
1 0.33862834089762983 0.9788602941176471 0.0226928895612708 0.02022058823529412
1 0.9183055975794251 0.4963235294117647 0.018154311649016642 0.03125
