0 0.35753908219868885 0.31204044117647056 0.015128593040847202 0.024816176470588234
0 0.35879979828542613 0.8727022058823529 0.020675743822491176 0.024816176470588234
1 0.6991931417044881 0.8267463235294118 0.020675743822491176 0.024816176470588234
0 0.6845688350983359 0.9122242647058824 0.01664145234493192 0.021139705882352942
0 0.6727181038830056 0.9370404411764706 0.02118003025718608 0.017463235294117647
0 0.6742309631870903 0.9558823529411765 0.018154311649016642 0.016544117647058824
0 0.6096822995461422 0.9852941176470589 0.011094301563287948 0.016544117647058824
1 0.8358547655068078 0.9742647058823529 0.01664145234493192 0.029411764705882353
1 0.3358547655068079 0.9788602941176471 0.022188603126575897 0.02022058823529412
1 0.9087241553202219 0.48161764705882354 0.018154311649016642 0.03125
