0 0.35879979828542613 0.31387867647058826 0.015632879475542108 0.024816176470588234
0 0.36031265758951087 0.8745404411764706 0.020675743822491176 0.024816176470588234
1 0.7032274331820474 0.8308823529411765 0.020675743822491176 0.025735294117647058
0 0.6845688350983359 0.9122242647058824 0.01664145234493192 0.021139705882352942
0 0.6727181038830056 0.9370404411764706 0.02118003025718608 0.017463235294117647
0 0.6742309631870903 0.9558823529411765 0.018154311649016642 0.016544117647058824
0 0.6122037317196167 0.9852941176470589 0.011094301563287948 0.016544117647058824
1 0.8358547655068078 0.9733455882352942 0.01664145234493192 0.027573529411764705
1 0.33434190620272314 0.9788602941176471 0.022188603126575897 0.02022058823529412
1 0.9046898638426626 0.47518382352941174 0.018154311649016642 0.03125
