0 0.3600605143721634 0.3161764705882353 0.015128593040847202 0.025735294117647058
0 0.3615733736762481 0.8745404411764706 0.02118003025718608 0.024816176470588234
1 0.7060010085728694 0.8331801470588235 0.02118003025718608 0.024816176470588234
0 0.6845688350983359 0.9122242647058824 0.01664145234493192 0.021139705882352942
0 0.6727181038830056 0.9370404411764706 0.02118003025718608 0.017463235294117647
0 0.6742309631870903 0.9558823529411765 0.018154311649016642 0.016544117647058824
0 0.6122037317196167 0.9862132352941176 0.011094301563287948 0.01838235294117647
1 0.8358547655068078 0.9733455882352942 0.01664145234493192 0.027573529411764705
1 0.33308119011598586 0.9788602941176471 0.0226928895612708 0.02022058823529412
1 0.903177004538578 0.4733455882352941 0.018154311649016642 0.03125
