0 0.3615733736762481 0.31847426470588236 0.015128593040847202 0.024816176470588234
0 0.36283408976298537 0.8763786764705882 0.020675743822491176 0.024816176470588234
1 0.7128088754412506 0.8391544117647058 0.020675743822491176 0.025735294117647058
0 0.6845688350983359 0.9122242647058824 0.01664145234493192 0.021139705882352942
0 0.6727181038830056 0.9370404411764706 0.02118003025718608 0.017463235294117647
0 0.6742309631870903 0.9558823529411765 0.018154311649016642 0.016544117647058824
0 0.6152294503277862 0.9871323529411765 0.011094301563287948 0.016544117647058824
1 0.8343419062027232 0.9733455882352942 0.01664145234493192 0.027573529411764705
1 0.3303076147251639 0.9788602941176471 0.022188603126575897 0.02022058823529412
1 0.8961169944528492 0.4632352941176471 0.018154311649016642 0.03125
