0 0.3630862329803328 0.3203125 0.015128593040847202 0.024816176470588234
0 0.3643469490670701 0.8763786764705882 0.020675743822491176 0.024816176470588234
1 0.7158345940494201 0.8414522058823529 0.020675743822491176 0.024816176470588234
0 0.6845688350983359 0.9122242647058824 0.01664145234493192 0.021139705882352942
0 0.6727181038830056 0.9370404411764706 0.02118003025718608 0.017463235294117647
0 0.6742309631870903 0.9558823529411765 0.018154311649016642 0.016544117647058824
0 0.616238023197176 0.9871323529411765 0.011094301563287948 0.016544117647058824
1 0.8343419062027232 0.9724264705882353 0.01664145234493192 0.029411764705882353
1 0.3303076147251639 0.9788602941176471 0.022188603126575897 0.02022058823529412
1 0.8948562783661119 0.46139705882352944 0.017650025214321734 0.03125
