0 0.3643469490670701 0.32215073529411764 0.015632879475542108 0.024816176470588234
0 0.3643469490670701 0.8763786764705882 0.020675743822491176 0.024816176470588234
1 0.7213817448310641 0.8451286764705882 0.020675743822491176 0.024816176470588234
0 0.6845688350983359 0.9122242647058824 0.01664145234493192 0.021139705882352942
0 0.6727181038830056 0.9370404411764706 0.02118003025718608 0.017463235294117647
0 0.6742309631870903 0.9558823529411765 0.018154311649016642 0.016544117647058824
0 0.6192637418053455 0.9871323529411765 0.011094301563287948 0.016544117647058824
1 0.8330811901159859 0.9724264705882353 0.01714573877962683 0.029411764705882353
1 0.32879475542107917 0.9765625 0.022188603126575897 0.021139705882352942
1 0.8905698436712053 0.4568014705882353 0.018154311649016642 0.03125
