0 0.3656076651538074 0.3249080882352941 0.015128593040847202 0.024816176470588234
0 0.36585980837115484 0.8763786764705882 0.020675743822491176 0.024816176470588234
1 0.7254160363086233 0.8497242647058824 0.020675743822491176 0.024816176470588234
0 0.6845688350983359 0.9122242647058824 0.01664145234493192 0.021139705882352942
0 0.6727181038830056 0.9370404411764706 0.02118003025718608 0.017463235294117647
0 0.6742309631870903 0.9558823529411765 0.018154311649016642 0.016544117647058824
0 0.6207766011094301 0.9871323529411765 0.011094301563287948 0.016544117647058824
1 0.8330811901159859 0.9724264705882353 0.01714573877962683 0.029411764705882353
1 0.3275340393343419 0.9765625 0.0226928895612708 0.021139705882352942
1 0.886535552193646 0.45496323529411764 0.018154311649016642 0.03125
