0 0.3656076651538074 0.3249080882352941 0.015128593040847202 0.024816176470588234
0 0.36712052445789206 0.8786764705882353 0.02118003025718608 0.025735294117647058
1 0.7281896116994453 0.8534007352941176 0.02118003025718608 0.024816176470588234
0 0.6845688350983359 0.9122242647058824 0.01664145234493192 0.021139705882352942
0 0.6727181038830056 0.9370404411764706 0.02118003025718608 0.017463235294117647
0 0.6742309631870903 0.9558823529411765 0.018154311649016642 0.016544117647058824
0 0.6217851739788199 0.9871323529411765 0.011094301563287948 0.016544117647058824
1 0.8318204740292486 0.9724264705882353 0.01664145234493192 0.029411764705882353
1 0.32627332324760466 0.9765625 0.022188603126575897 0.021139705882352942
1 0.883761976802824 0.453125 0.017650025214321734 0.03125
