0 0.3686333837619768 0.32858455882352944 0.015128593040847202 0.024816176470588234
0 0.36838124054462934 0.8786764705882353 0.020675743822491176 0.025735294117647058
1 0.7337367624810892 0.8579963235294118 0.02118003025718608 0.024816176470588234
0 0.6845688350983359 0.9122242647058824 0.01664145234493192 0.021139705882352942
0 0.6727181038830056 0.9370404411764706 0.02118003025718608 0.017463235294117647
0 0.6742309631870903 0.9558823529411765 0.018154311649016642 0.016544117647058824
0 0.6232980332829047 0.9871323529411765 0.011094301563287948 0.016544117647058824
1 0.8318204740292486 0.9724264705882353 0.01664145234493192 0.029411764705882353
1 0.32476046394351993 0.9765625 0.022188603126575897 0.021139705882352942
1 0.8782148260211801 0.4485294117647059 0.017650025214321734 0.03125
