0 0.3698940998487141 0.33088235294117646 0.015632879475542108 0.025735294117647058
0 0.3698940998487141 0.8786764705882353 0.020675743822491176 0.025735294117647058
1 0.738023197175996 0.8621323529411765 0.020675743822491176 0.025735294117647058
0 0.6845688350983359 0.9122242647058824 0.01664145234493192 0.021139705882352942
0 0.6727181038830056 0.9370404411764706 0.02118003025718608 0.017463235294117647
0 0.6742309631870903 0.9558823529411765 0.018154311649016642 0.016544117647058824
0 0.6263237518910741 0.9889705882352942 0.011094301563287948 0.016544117647058824
1 0.8303076147251639 0.9724264705882353 0.01664145234493192 0.029411764705882353
1 0.3232476046394352 0.9765625 0.022188603126575897 0.021139705882352942
1 0.8739283913262733 0.44393382352941174 0.018154311649016642 0.03125
