0 0.3698940998487141 0.33088235294117646 0.015632879475542108 0.025735294117647058
0 0.3698940998487141 0.8809742647058824 0.020675743822491176 0.024816176470588234
1 0.740796772566818 0.8644301470588235 0.02118003025718608 0.024816176470588234
0 0.6845688350983359 0.9122242647058824 0.01664145234493192 0.021139705882352942
0 0.6727181038830056 0.9370404411764706 0.02118003025718608 0.017463235294117647
0 0.6742309631870903 0.9558823529411765 0.018154311649016642 0.016544117647058824
0 0.6263237518910741 0.9889705882352942 0.011094301563287948 0.016544117647058824
1 0.8303076147251639 0.9724264705882353 0.01664145234493192 0.029411764705882353
1 0.3219868885526979 0.9765625 0.0226928895612708 0.021139705882352942
1 0.8714069591527988 0.4420955882352941 0.018154311649016642 0.03125
