0 0.37115481593545135 0.33318014705882354 0.015128593040847202 0.024816176470588234
0 0.3714069591527988 0.8809742647058824 0.020675743822491176 0.024816176470588234
1 0.7448310640443772 0.8681066176470589 0.02118003025718608 0.024816176470588234
0 0.6845688350983359 0.9122242647058824 0.01664145234493192 0.021139705882352942
0 0.6727181038830056 0.9370404411764706 0.02118003025718608 0.017463235294117647
0 0.6742309631870903 0.9558823529411765 0.018154311649016642 0.016544117647058824
0 0.6263237518910741 0.9889705882352942 0.011094301563287948 0.016544117647058824
1 0.8303076147251639 0.9715073529411765 0.01664145234493192 0.027573529411764705
1 0.3207261724659607 0.9765625 0.022188603126575897 0.021139705882352942
1 0.8671205244578921 0.4384191176470588 0.017650025214321734 0.03125
