0 0.37266767523953603 0.3350183823529412 0.015128593040847202 0.024816176470588234
0 0.37266767523953603 0.8809742647058824 0.02118003025718608 0.024816176470588234
1 0.7476046394351992 0.8727022058823529 0.020675743822491176 0.024816176470588234
0 0.6845688350983359 0.9122242647058824 0.01664145234493192 0.021139705882352942
0 0.6727181038830056 0.9370404411764706 0.02118003025718608 0.017463235294117647
0 0.6742309631870903 0.9558823529411765 0.018154311649016642 0.016544117647058824
0 0.6263237518910741 0.9889705882352942 0.011094301563287948 0.016544117647058824
1 0.8287947554210792 0.9715073529411765 0.01664145234493192 0.027573529411764705
1 0.31921331316187596 0.9747242647058824 0.022188603126575897 0.021139705882352942
1 0.8643469490670701 0.43566176470588236 0.018154311649016642 0.03125
