0 0.37266767523953603 0.3350183823529412 0.015128593040847202 0.024816176470588234
0 0.37266767523953603 0.8809742647058824 0.02118003025718608 0.024816176470588234
1 0.7503782148260212 0.8745404411764706 0.02118003025718608 0.024816176470588234
0 0.6845688350983359 0.9122242647058824 0.01664145234493192 0.021139705882352942
0 0.6727181038830056 0.9370404411764706 0.02118003025718608 0.017463235294117647
0 0.6742309631870903 0.9558823529411765 0.018154311649016642 0.016544117647058824
0 0.6263237518910741 0.9889705882352942 0.011094301563287948 0.016544117647058824
1 0.8287947554210792 0.9715073529411765 0.01664145234493192 0.027573529411764705
1 0.3177004538577912 0.9747242647058824 0.022188603126575897 0.021139705882352942
1 0.8615733736762481 0.4338235294117647 0.017650025214321734 0.03125
