0 0.37544125063035805 0.3391544117647059 0.015632879475542108 0.025735294117647058
0 0.37544125063035805 0.8828125 0.020675743822491176 0.024816176470588234
1 0.7602118003025718 0.8828125 0.020675743822491176 0.024816176470588234
0 0.6845688350983359 0.9122242647058824 0.01664145234493192 0.021139705882352942
0 0.6727181038830056 0.9370404411764706 0.02118003025718608 0.017463235294117647
0 0.6742309631870903 0.9558823529411765 0.018154311649016642 0.016544117647058824
0 0.6263237518910741 0.9889705882352942 0.011094301563287948 0.016544117647058824
1 0.8275340393343419 0.9705882352941176 0.01714573877962683 0.029411764705882353
1 0.3151790216843167 0.9747242647058824 0.022188603126575897 0.021139705882352942
1 0.8532526475037822 0.4273897058823529 0.018154311649016642 0.03125
