0 0.3767019667170953 0.3414522058823529 0.015128593040847202 0.024816176470588234
0 0.3769541099344428 0.8828125 0.020675743822491176 0.024816176470588234
1 0.7657589510842159 0.8892463235294118 0.020675743822491176 0.024816176470588234
0 0.6845688350983359 0.9122242647058824 0.01664145234493192 0.021139705882352942
0 0.6727181038830056 0.9370404411764706 0.02118003025718608 0.017463235294117647
0 0.6742309631870903 0.9558823529411765 0.018154311649016642 0.016544117647058824
0 0.6263237518910741 0.9889705882352942 0.011094301563287948 0.016544117647058824
1 0.8275340393343419 0.9705882352941176 0.01714573877962683 0.029411764705882353
1 0.313666162380232 0.9747242647058824 0.022188603126575897 0.021139705882352942
1 0.8477054967221381 0.42371323529411764 0.018154311649016642 0.03125
