0 0.2586989409984871 0.21415441176470587 0.015128593040847202 0.025735294117647058
0 0.2811396873424105 0.8285845588235294 0.020675743822491176 0.024816176470588234
1 0.5088250126071608 0.5932904411764706 0.02118003025718608 0.024816176470588234
0 0.6845688350983359 0.9122242647058824 0.01664145234493192 0.021139705882352942
0 0.6727181038830056 0.9370404411764706 0.02118003025718608 0.017463235294117647
0 0.6742309631870903 0.9558823529411765 0.018154311649016642 0.016544117647058824
0 0.5037821482602118 0.9549632352941176 0.011094301563287948 0.01838235294117647
1 0.7400403429147756 0.9154411764705882 0.01664145234493192 0.03125
1 0.156833081190116 0.9434742647058824 0.022188603126575897 0.021139705882352942
1 0.9505799293998991 0.5441176470588235 0.018154311649016642 0.03125
