0 0.383761976802824 0.34972426470588236 0.015128593040847202 0.024816176470588234
0 0.38250126071608676 0.8874080882352942 0.020675743822491176 0.024816176470588234
1 0.7839132627332325 0.9057904411764706 0.020675743822491176 0.024816176470588234
0 0.6845688350983359 0.9122242647058824 0.01664145234493192 0.021139705882352942
0 0.6727181038830056 0.9370404411764706 0.02118003025718608 0.017463235294117647
0 0.6742309631870903 0.9558823529411765 0.018154311649016642 0.016544117647058824
0 0.6263237518910741 0.9889705882352942 0.011094301563287948 0.016544117647058824
1 0.8247604639435199 0.9692095588235294 0.01664145234493192 0.02665441176470588
1 0.308119011598588 0.9724264705882353 0.022188603126575897 0.02022058823529412
1 0.8295511850731215 0.40900735294117646 0.018154311649016642 0.03125
