0 0.3852748361069087 0.3515625 0.015128593040847202 0.024816176470588234
0 0.38502269288956126 0.8892463235294118 0.020675743822491176 0.024816176470588234
1 0.7962682803832577 0.9159007352941176 0.02118003025718608 0.024816176470588234
0 0.6845688350983359 0.9122242647058824 0.01664145234493192 0.021139705882352942
0 0.6727181038830056 0.9370404411764706 0.02118003025718608 0.017463235294117647
0 0.6742309631870903 0.9558823529411765 0.018154311649016642 0.016544117647058824
0 0.6263237518910741 0.9889705882352942 0.011094301563287948 0.016544117647058824
1 0.8232476046394352 0.9682904411764706 0.01664145234493192 0.02849264705882353
1 0.3040847201210287 0.9724264705882353 0.022188603126575897 0.02022058823529412
1 0.8184568835098336 0.4007352941176471 0.018154311649016642 0.03125
