0 0.3852748361069087 0.3515625 0.015128593040847202 0.024816176470588234
0 0.39208270297528997 0.8933823529411765 0.020675743822491176 0.025735294117647058
1 0.8310640443772063 0.9370404411764706 0.02118003025718608 0.024816176470588234
0 0.6845688350983359 0.9122242647058824 0.01664145234493192 0.021139705882352942
0 0.6727181038830056 0.9370404411764706 0.02118003025718608 0.017463235294117647
0 0.6742309631870903 0.9558823529411765 0.018154311649016642 0.016544117647058824
0 0.6263237518910741 0.9889705882352942 0.011094301563287948 0.016544117647058824
1 0.8177004538577912 0.9659926470588235 0.01664145234493192 0.029411764705882353
1 0.2929904185577408 0.9701286764705882 0.022188603126575897 0.021139705882352942
1 0.7824004034291477 0.3795955882352941 0.017650025214321734 0.03125
