0 0.3852748361069087 0.3515625 0.015128593040847202 0.024816176470588234
0 0.4016641452344932 0.8993566176470589 0.020675743822491176 0.024816176470588234
1 0.869894099848714 0.9618566176470589 0.02118003025718608 0.024816176470588234
0 0.6845688350983359 0.9122242647058824 0.01664145234493192 0.021139705882352942
0 0.6727181038830056 0.9370404411764706 0.02118003025718608 0.017463235294117647
0 0.6742309631870903 0.9558823529411765 0.018154311649016642 0.016544117647058824
0 0.6263237518910741 0.9889705882352942 0.011094301563287948 0.016544117647058824
1 0.8136661623802319 0.9641544117647058 0.01664145234493192 0.029411764705882353
1 0.28189611699445283 0.9682904411764706 0.022188603126575897 0.021139705882352942
1 0.740796772566818 0.36121323529411764 0.018154311649016642 0.03125
