0 0.3852748361069087 0.3515625 0.015128593040847202 0.024816176470588234
0 0.4031770045385779 0.9016544117647058 0.020675743822491176 0.025735294117647058
1 0.8767019667170953 0.9664522058823529 0.020675743822491176 0.024816176470588234
0 0.6845688350983359 0.9122242647058824 0.01664145234493192 0.021139705882352942
0 0.6727181038830056 0.9370404411764706 0.02118003025718608 0.017463235294117647
0 0.6742309631870903 0.9558823529411765 0.018154311649016642 0.016544117647058824
0 0.6263237518910741 0.9889705882352942 0.011094301563287948 0.016544117647058824
1 0.8121533030761473 0.9641544117647058 0.01664145234493192 0.029411764705882353
1 0.2788703983862834 0.9664522058823529 0.022188603126575897 0.021139705882352942
1 0.7322239031770046 0.35661764705882354 0.018154311649016642 0.03125
