0 0.3852748361069087 0.3515625 0.015128593040847202 0.024816176470588234
0 0.4087241553202219 0.9057904411764706 0.020675743822491176 0.024816176470588234
1 0.903177004538578 0.9811580882352942 0.02118003025718608 0.024816176470588234
0 0.6845688350983359 0.9122242647058824 0.01664145234493192 0.021139705882352942
0 0.6727181038830056 0.9370404411764706 0.02118003025718608 0.017463235294117647
0 0.6742309631870903 0.9558823529411765 0.018154311649016642 0.016544117647058824
0 0.6263237518910741 0.9889705882352942 0.011094301563287948 0.016544117647058824
1 0.8096318709026727 0.9632352941176471 0.01664145234493192 0.03125
1 0.2708018154311649 0.9664522058823529 0.022188603126575897 0.021139705882352942
1 0.7060010085728694 0.3483455882352941 0.018154311649016642 0.03125
