0 0.38779626828038327 0.3561580882352941 0.015128593040847202 0.024816176470588234
0 0.41704488149268787 0.9099264705882353 0.02118003025718608 0.025735294117647058
1 0.9392334846192637 0.9862132352941176 0.020675743822491176 0.01838235294117647
0 0.6845688350983359 0.9122242647058824 0.01664145234493192 0.021139705882352942
0 0.6727181038830056 0.9370404411764706 0.02118003025718608 0.017463235294117647
0 0.6742309631870903 0.9558823529411765 0.018154311649016642 0.016544117647058824
0 0.6263237518910741 0.9889705882352942 0.011094301563287948 0.016544117647058824
1 0.8040847201210287 0.9613970588235294 0.01664145234493192 0.03125
1 0.2594553706505295 0.9618566176470589 0.0226928895612708 0.021139705882352942
1 0.6696923852748361 0.33639705882352944 0.018154311649016642 0.03125
