0 0.39208270297528997 0.36213235294117646 0.015632879475542108 0.025735294117647058
0 0.41704488149268787 0.9122242647058824 0.02118003025718608 0.024816176470588234
1 0.9422592032274332 0.9862132352941176 0.020675743822491176 0.01838235294117647
0 0.6845688350983359 0.9122242647058824 0.01664145234493192 0.021139705882352942
0 0.6727181038830056 0.9370404411764706 0.02118003025718608 0.017463235294117647
0 0.6742309631870903 0.9558823529411765 0.018154311649016642 0.016544117647058824
0 0.6263237518910741 0.9889705882352942 0.011094301563287948 0.016544117647058824
1 0.8040847201210287 0.9613970588235294 0.01664145234493192 0.03125
1 0.25819465456379226 0.9618566176470589 0.022188603126575897 0.021139705882352942
1 0.6671709531013615 0.3336397058823529 0.018154311649016642 0.03125
