0 0.4087241553202219 0.3828125 0.015632879475542108 0.024816176470588234
0 0.4198184568835098 0.9140625 0.020675743822491176 0.024816176470588234
1 0.9462934947049925 0.9880514705882353 0.020675743822491176 0.01838235294117647
0 0.6845688350983359 0.9122242647058824 0.01664145234493192 0.021139705882352942
0 0.6727181038830056 0.9370404411764706 0.02118003025718608 0.017463235294117647
0 0.6742309631870903 0.9558823529411765 0.018154311649016642 0.016544117647058824
0 0.6263237518910741 0.9889705882352942 0.011094301563287948 0.016544117647058824
1 0.802571860816944 0.9600183823529411 0.01664145234493192 0.02849264705882353
1 0.2551689359556228 0.9618566176470589 0.022188603126575897 0.021139705882352942
1 0.6545637922339889 0.32996323529411764 0.018154311649016642 0.03125
