0 0.41855774079677255 0.39659926470588236 0.015128593040847202 0.02297794117647059
0 0.42133131618759456 0.9140625 0.020675743822491176 0.024816176470588234
1 0.9422592032274332 0.9839154411764706 0.020675743822491176 0.019301470588235295
0 0.6845688350983359 0.9122242647058824 0.01664145234493192 0.021139705882352942
0 0.6727181038830056 0.9370404411764706 0.02118003025718608 0.017463235294117647
0 0.6742309631870903 0.9558823529411765 0.018154311649016642 0.016544117647058824
0 0.6263237518910741 0.9889705882352942 0.011094301563287948 0.016544117647058824
1 0.8010590015128594 0.9600183823529411 0.01664145234493192 0.02849264705882353
1 0.2526475037821483 0.9618566176470589 0.022188603126575897 0.021139705882352942
1 0.6475037821482602 0.328125 0.018154311649016642 0.03125
