0 0.4263741805345436 0.40670955882352944 0.01664145234493192 0.02297794117647059
0 0.42259203227433184 0.9159007352941176 0.02118003025718608 0.024816176470588234
1 0.9253656076651539 0.9692095588235294 0.02118003025718608 0.019301470588235295
0 0.6845688350983359 0.9122242647058824 0.01664145234493192 0.021139705882352942
0 0.6727181038830056 0.9370404411764706 0.02118003025718608 0.017463235294117647
0 0.6742309631870903 0.9558823529411765 0.018154311649016642 0.016544117647058824
0 0.6263237518910741 0.9889705882352942 0.011094301563287948 0.016544117647058824
1 0.7995461422087746 0.9600183823529411 0.01664145234493192 0.02849264705882353
1 0.25113464447806355 0.9600183823529411 0.022188603126575897 0.021139705882352942
1 0.640695915279879 0.32536764705882354 0.017650025214321734 0.03125
