0 0.4281391830559758 0.41130514705882354 0.015128593040847202 0.02297794117647059
0 0.4241048915784165 0.9159007352941176 0.02118003025718608 0.024816176470588234
1 0.9213313161875946 0.9650735294117647 0.02118003025718608 0.01838235294117647
0 0.6845688350983359 0.9122242647058824 0.01664145234493192 0.021139705882352942
0 0.6727181038830056 0.9370404411764706 0.02118003025718608 0.017463235294117647
0 0.6742309631870903 0.9558823529411765 0.018154311649016642 0.016544117647058824
0 0.6263237518910741 0.9889705882352942 0.011094301563287948 0.016544117647058824
1 0.7995461422087746 0.9600183823529411 0.01664145234493192 0.02849264705882353
1 0.24962178517397882 0.9600183823529411 0.022188603126575897 0.021139705882352942
1 0.6394351991931417 0.32536764705882354 0.018154311649016642 0.03125
