0 0.4384770549672214 0.42325367647058826 0.01664145234493192 0.02297794117647059
0 0.4253656076651538 0.9159007352941176 0.020675743822491176 0.024816176470588234
1 0.9019162884518407 0.9476102941176471 0.020675743822491176 0.02022058823529412
0 0.6845688350983359 0.9122242647058824 0.01664145234493192 0.021139705882352942
0 0.6727181038830056 0.9370404411764706 0.02118003025718608 0.017463235294117647
0 0.6742309631870903 0.9558823529411765 0.018154311649016642 0.016544117647058824
0 0.6263237518910741 0.9889705882352942 0.011094301563287948 0.016544117647058824
1 0.7995461422087746 0.9586397058823529 0.01664145234493192 0.03125
1 0.24836106908724156 0.9600183823529411 0.0226928895612708 0.021139705882352942
1 0.632375189107413 0.32169117647058826 0.018154311649016642 0.03125
