0 0.44402420574886536 0.43152573529411764 0.01664145234493192 0.02297794117647059
0 0.42687846696923853 0.9186580882352942 0.020675743822491176 0.024816176470588234
1 0.889309127584468 0.9361213235294118 0.020675743822491176 0.019301470588235295
0 0.6845688350983359 0.9122242647058824 0.01664145234493192 0.021139705882352942
0 0.6727181038830056 0.9370404411764706 0.02118003025718608 0.017463235294117647
0 0.6742309631870903 0.9558823529411765 0.018154311649016642 0.016544117647058824
0 0.6263237518910741 0.9889705882352942 0.011094301563287948 0.016544117647058824
1 0.7985375693393848 0.9586397058823529 0.01664145234493192 0.03125
1 0.24710035300050429 0.9600183823529411 0.022188603126575897 0.021139705882352942
1 0.6283408976298538 0.32169117647058826 0.018154311649016642 0.03125
