0 0.45663136661623804 0.4476102941176471 0.01664145234493192 0.02022058823529412
0 0.42839132627332327 0.9186580882352942 0.020675743822491176 0.024816176470588234
1 0.8656076651538074 0.9140625 0.020675743822491176 0.021139705882352942
0 0.6845688350983359 0.9122242647058824 0.01664145234493192 0.021139705882352942
0 0.6727181038830056 0.9370404411764706 0.02118003025718608 0.017463235294117647
0 0.6742309631870903 0.9558823529411765 0.018154311649016642 0.016544117647058824
0 0.6263237518910741 0.9889705882352942 0.011094301563287948 0.016544117647058824
1 0.7970247100353001 0.9586397058823529 0.01664145234493192 0.03125
1 0.24407463439233484 0.9600183823529411 0.022188603126575897 0.021139705882352942
1 0.6185073121533031 0.3170955882352941 0.017650025214321734 0.03125
