0 0.46444780635400906 0.45909926470588236 0.015128593040847202 0.02297794117647059
0 0.4296520423600605 0.9204963235294118 0.02118003025718608 0.024816176470588234
1 0.8489662128088754 0.8993566176470589 0.020675743822491176 0.021139705882352942
0 0.6845688350983359 0.9122242647058824 0.01664145234493192 0.021139705882352942
0 0.6727181038830056 0.9370404411764706 0.02118003025718608 0.017463235294117647
0 0.6742309631870903 0.9558823529411765 0.018154311649016642 0.016544117647058824
0 0.6263237518910741 0.9889705882352942 0.011094301563287948 0.016544117647058824
1 0.7970247100353001 0.9577205882352942 0.01664145234493192 0.029411764705882353
1 0.2415532022188603 0.9600183823529411 0.022188603126575897 0.021139705882352942
1 0.6129601613716591 0.31525735294117646 0.017650025214321734 0.03125
