0 0.4717599596570852 0.47012867647058826 0.01664145234493192 0.021139705882352942
0 0.4309127584467978 0.9204963235294118 0.020675743822491176 0.024816176470588234
1 0.8338376197680283 0.8851102941176471 0.020675743822491176 0.02022058823529412
0 0.6845688350983359 0.9122242647058824 0.01664145234493192 0.021139705882352942
0 0.6727181038830056 0.9370404411764706 0.02118003025718608 0.017463235294117647
0 0.6742309631870903 0.9558823529411765 0.018154311649016642 0.016544117647058824
0 0.6263237518910741 0.9889705882352942 0.011094301563287948 0.016544117647058824
1 0.7955118507312153 0.9577205882352942 0.01664145234493192 0.029411764705882353
1 0.2400403429147756 0.9581801470588235 0.022188603126575897 0.021139705882352942
1 0.6074130105900152 0.3134191176470588 0.017650025214321734 0.03125
