0 0.47881996974281393 0.4788602941176471 0.01664145234493192 0.02022058823529412
0 0.43645990922844174 0.9246323529411765 0.020675743822491176 0.025735294117647058
1 0.7685325264750378 0.8276654411764706 0.02118003025718608 0.02297794117647059
0 0.6845688350983359 0.9122242647058824 0.01664145234493192 0.021139705882352942
0 0.6727181038830056 0.9370404411764706 0.02118003025718608 0.017463235294117647
0 0.6742309631870903 0.9558823529411765 0.018154311649016642 0.016544117647058824
0 0.6263237518910741 0.9889705882352942 0.011094301563287948 0.016544117647058824
1 0.7929904185577408 0.9568014705882353 0.01664145234493192 0.03125
1 0.2314674735249622 0.9581801470588235 0.022188603126575897 0.021139705882352942
1 0.583963691376702 0.3069852941176471 0.018154311649016642 0.03125
