0 0.47881996974281393 0.4788602941176471 0.01664145234493192 0.02022058823529412
0 0.4394856278366112 0.9269301470588235 0.020675743822491176 0.024816176470588234
1 0.7365103378719112 0.7982536764705882 0.020675743822491176 0.02297794117647059
0 0.6845688350983359 0.9122242647058824 0.01664145234493192 0.021139705882352942
0 0.6727181038830056 0.9370404411764706 0.02118003025718608 0.017463235294117647
0 0.6742309631870903 0.9558823529411765 0.018154311649016642 0.016544117647058824
0 0.6263237518910741 0.9889705882352942 0.011094301563287948 0.016544117647058824
1 0.791477559253656 0.9568014705882353 0.01664145234493192 0.03125
1 0.22894604135148763 0.9558823529411765 0.022188603126575897 0.02022058823529412
1 0.5726172465960666 0.3023897058823529 0.017650025214321734 0.03125
