0 0.47881996974281393 0.4788602941176471 0.01664145234493192 0.02022058823529412
0 0.4462934947049924 0.9329044117647058 0.02118003025718608 0.025735294117647058
1 0.649016641452345 0.7192095588235294 0.02118003025718608 0.02297794117647059
0 0.6845688350983359 0.9122242647058824 0.01664145234493192 0.021139705882352942
0 0.6727181038830056 0.9370404411764706 0.02118003025718608 0.017463235294117647
0 0.6742309631870903 0.9558823529411765 0.018154311649016642 0.016544117647058824
0 0.6263237518910741 0.9889705882352942 0.011094301563287948 0.016544117647058824
1 0.7874432677760969 0.9549632352941176 0.01664145234493192 0.03125
1 0.2178517397881997 0.9535845588235294 0.022188603126575897 0.021139705882352942
1 0.5393343419062028 0.2922794117647059 0.017650025214321734 0.03125
