0 0.47881996974281393 0.4788602941176471 0.01664145234493192 0.02022058823529412
0 0.4490670700958144 0.9352022058823529 0.020675743822491176 0.024816176470588234
1 0.6089258698940998 0.6829044117647058 0.020675743822491176 0.025735294117647058
0 0.6845688350983359 0.9122242647058824 0.01664145234493192 0.021139705882352942
0 0.6727181038830056 0.9370404411764706 0.02118003025718608 0.017463235294117647
0 0.6742309631870903 0.9558823529411765 0.018154311649016642 0.016544117647058824
0 0.6263237518910741 0.9889705882352942 0.011094301563287948 0.016544117647058824
1 0.7844175491679274 0.9540441176470589 0.01664145234493192 0.029411764705882353
1 0.21381744831064045 0.9535845588235294 0.022188603126575897 0.021139705882352942
1 0.5239536056480081 0.29044117647058826 0.018154311649016642 0.03125
