0 0.47881996974281393 0.4788602941176471 0.01664145234493192 0.02022058823529412
0 0.45057992939989916 0.9352022058823529 0.020675743822491176 0.024816176470588234
1 0.5920322743318205 0.6686580882352942 0.02118003025718608 0.024816176470588234
0 0.6845688350983359 0.9122242647058824 0.01664145234493192 0.021139705882352942
0 0.6727181038830056 0.9370404411764706 0.02118003025718608 0.017463235294117647
0 0.6742309631870903 0.9558823529411765 0.018154311649016642 0.016544117647058824
0 0.6263237518910741 0.9889705882352942 0.011094301563287948 0.016544117647058824
1 0.7844175491679274 0.953125 0.01664145234493192 0.03125
1 0.21230458900655572 0.9535845588235294 0.022188603126575897 0.021139705882352942
1 0.518406454866364 0.29044117647058826 0.018154311649016642 0.03125
