0 0.47881996974281393 0.4788602941176471 0.01664145234493192 0.02022058823529412
0 0.4546142208774584 0.9370404411764706 0.020675743822491176 0.024816176470588234
1 0.5448814926878467 0.6245404411764706 0.020675743822491176 0.024816176470588234
0 0.6845688350983359 0.9122242647058824 0.01664145234493192 0.021139705882352942
0 0.6727181038830056 0.9370404411764706 0.02118003025718608 0.017463235294117647
0 0.6742309631870903 0.9558823529411765 0.018154311649016642 0.016544117647058824
0 0.6263237518910741 0.9889705882352942 0.011094301563287948 0.016544117647058824
1 0.7818961169944528 0.953125 0.01664145234493192 0.03125
1 0.20675743822491174 0.9517463235294118 0.022188603126575897 0.021139705882352942
1 0.5002521432173475 0.2858455882352941 0.018154311649016642 0.03125
