0 0.2697932425617751 0.2265625 0.015128593040847202 0.024816176470588234
0 0.2907211296016137 0.8331801470588235 0.020675743822491176 0.024816176470588234
1 0.5088250126071608 0.5932904411764706 0.02118003025718608 0.024816176470588234
0 0.6845688350983359 0.9122242647058824 0.01664145234493192 0.021139705882352942
0 0.6727181038830056 0.9370404411764706 0.02118003025718608 0.017463235294117647
0 0.6742309631870903 0.9558823529411765 0.018154311649016642 0.016544117647058824
0 0.5163893091275845 0.9590992647058824 0.011094301563287948 0.019301470588235295
1 0.7803832576903681 0.953125 0.01664145234493192 0.03125
1 0.19263741805345436 0.9494485294117647 0.022188603126575897 0.02022058823529412
1 0.9505799293998991 0.5441176470588235 0.018154311649016642 0.03125
