0 0.2796268280383258 0.2348345588235294 0.015632879475542108 0.024816176470588234
0 0.29778113968734243 0.8391544117647058 0.020675743822491176 0.025735294117647058
1 0.5088250126071608 0.5932904411764706 0.02118003025718608 0.024816176470588234
0 0.6845688350983359 0.9122242647058824 0.01664145234493192 0.021139705882352942
0 0.6727181038830056 0.9370404411764706 0.02118003025718608 0.017463235294117647
0 0.6742309631870903 0.9558823529411765 0.018154311649016642 0.016544117647058824
0 0.5259707513867877 0.9609375 0.011094301563287948 0.019301470588235295
1 0.8106404437720626 0.9641544117647058 0.01664145234493192 0.029411764705882353
1 0.22188603126575895 0.9558823529411765 0.022188603126575897 0.02022058823529412
1 0.9505799293998991 0.5441176470588235 0.018154311649016642 0.03125
