0 0.28517397881996975 0.24126838235294118 0.015632879475542108 0.024816176470588234
0 0.3033282904689864 0.8414522058823529 0.020675743822491176 0.024816176470588234
1 0.5088250126071608 0.5932904411764706 0.02118003025718608 0.024816176470588234
0 0.6845688350983359 0.9122242647058824 0.01664145234493192 0.021139705882352942
0 0.6727181038830056 0.9370404411764706 0.02118003025718608 0.017463235294117647
0 0.6742309631870903 0.9558823529411765 0.018154311649016642 0.016544117647058824
0 0.5330307614725164 0.9632352941176471 0.011094301563287948 0.01838235294117647
1 0.8303076147251639 0.9715073529411765 0.01664145234493192 0.027573529411764705
1 0.23852748361069087 0.9600183823529411 0.022188603126575897 0.021139705882352942
1 0.9505799293998991 0.5441176470588235 0.018154311649016642 0.03125
