0 0.2879475542107917 0.24310661764705882 0.015128593040847202 0.024816176470588234
0 0.30458900655572363 0.8432904411764706 0.02118003025718608 0.024816176470588234
1 0.5088250126071608 0.5932904411764706 0.02118003025718608 0.024816176470588234
0 0.6845688350983359 0.9122242647058824 0.01664145234493192 0.021139705882352942
0 0.6727181038830056 0.9370404411764706 0.02118003025718608 0.017463235294117647
0 0.6742309631870903 0.9558823529411765 0.018154311649016642 0.016544117647058824
0 0.5360564800806858 0.9650735294117647 0.011094301563287948 0.01838235294117647
1 0.8386283408976298 0.9742647058823529 0.01714573877962683 0.029411764705882353
1 0.24558749369641958 0.9618566176470589 0.022188603126575897 0.021139705882352942
1 0.9505799293998991 0.5441176470588235 0.018154311649016642 0.03125
