0 0.2907211296016137 0.24540441176470587 0.015632879475542108 0.025735294117647058
0 0.30736258194654564 0.8432904411764706 0.020675743822491176 0.024816176470588234
1 0.5115985879979829 0.5974264705882353 0.020675743822491176 0.025735294117647058
0 0.6845688350983359 0.9122242647058824 0.01664145234493192 0.021139705882352942
0 0.6727181038830056 0.9370404411764706 0.02118003025718608 0.017463235294117647
0 0.6742309631870903 0.9558823529411765 0.018154311649016642 0.016544117647058824
0 0.5385779122541604 0.9650735294117647 0.011094301563287948 0.01838235294117647
1 0.8454362077660111 0.9774816176470589 0.01664145234493192 0.02665441176470588
1 0.2526475037821483 0.9641544117647058 0.022188603126575897 0.02022058823529412
1 0.9505799293998991 0.5441176470588235 0.018154311649016642 0.03125
