0 0.291981845688351 0.24540441176470587 0.015128593040847202 0.025735294117647058
0 0.30736258194654564 0.8451286764705882 0.020675743822491176 0.024816176470588234
1 0.5156328794755421 0.6034007352941176 0.020675743822491176 0.024816176470588234
0 0.6845688350983359 0.9122242647058824 0.01664145234493192 0.021139705882352942
0 0.6727181038830056 0.9370404411764706 0.02118003025718608 0.017463235294117647
0 0.6742309631870903 0.9558823529411765 0.018154311649016642 0.016544117647058824
0 0.540090771558245 0.9650735294117647 0.011094301563287948 0.01838235294117647
1 0.850983358547655 0.9797794117647058 0.01664145234493192 0.027573529411764705
1 0.2566817952597075 0.9641544117647058 0.022188603126575897 0.02022058823529412
1 0.9505799293998991 0.5441176470588235 0.018154311649016642 0.03125
